1160471152
435009958
6531683995
7336402286
2010789056
1873128076
1062870251
753161449
1029621266
7159971962
1840235788
753809327
6612682966
878144717
6131343857
6171502544
1344574267
239664441
1117283875
130573452
1492123142
820024451
614612924
1094285435
703257870
2006134325
1721125537
7064305167
892800815
1083897526
114255481
621141468
669542812
243846941
1094255007
6151812413
1494574996
2005341881
2070377421
1067616597
975375549
1390268198
5011561200
50261171
2063169604
186442901
1304478373
59262685
1299922244
7316473939
6536142598
1598398146
482503843
6380607529
1134426621
857614319
971335306
119962607
1014210780
1411252370
6882065525
143596456
384133152
566923956
5591223271
1563370208
2140965616
284910136
871719403
1294294181
1544403418
159467803
4055385
1154696936
1278797494
53304655
5701900990
6806836073
1613052571
1323852147
1212073403
1224404714
1063004062
855438819
1223817849
1340563227
1168372494
216383
148681711
1000640459
126220688
6148944222
1325071987
769371587
1557556134
1351106987
733844982
847510954
1711137095
5276210768
7099394898
1176389018
5136382745
322278986
565738909
6437710249
6304846122
1872987081
7386738
1612808480
1493429122
5256316913
506662474
1259060083
109207886
1403285195
279061534
6270301
836270482
7293769834
5382098820
5119267492
1476685666
1312677355
1575649960
132162492
553154750
845299193
125411806
320666545
6856945975
5199921676
667671656
1083693574
7483918155
1432673162
295817305
308031030
407238071
366490574
1525899547
342439277
832351603
7090574311
1907140517
1071896409
2050957882
555149711
587934587
7319986616
1483104521
2040573849
807112094
616313688
5749033533
188388146
1238456917
785685513
906558068
1185689732
2126416712
1155929234
